 m,M ->b,B
x-axis: "cos(p1,p3)"  from -1.000000 to 1.000000 N_points= 200
Diff. cross section [pb]
-9.950000E-01 7.435814E-03
-9.850000E-01 7.363415E-03
-9.750000E-01 7.295620E-03
-9.650000E-01 7.232428E-03
-9.550000E-01 7.173840E-03
-9.450000E-01 7.119856E-03
-9.350000E-01 7.070476E-03
-9.250000E-01 7.025699E-03
-9.150000E-01 6.985525E-03
-9.050000E-01 6.949956E-03
-8.950000E-01 6.918990E-03
-8.850000E-01 6.892628E-03
-8.750000E-01 6.870869E-03
-8.650000E-01 6.853714E-03
-8.550000E-01 6.841163E-03
-8.450000E-01 6.833215E-03
-8.350000E-01 6.829871E-03
-8.250000E-01 6.831131E-03
-8.150000E-01 6.836994E-03
-8.050000E-01 6.847461E-03
-7.950000E-01 6.862532E-03
-7.850000E-01 6.882206E-03
-7.750000E-01 6.906484E-03
-7.650000E-01 6.935365E-03
-7.550000E-01 6.968851E-03
-7.450000E-01 7.006940E-03
-7.350000E-01 7.049632E-03
-7.250000E-01 7.096928E-03
-7.150000E-01 7.148828E-03
-7.050000E-01 7.205332E-03
-6.950000E-01 7.266439E-03
-6.850000E-01 7.332150E-03
-6.750000E-01 7.402465E-03
-6.650000E-01 7.477383E-03
-6.550000E-01 7.556905E-03
-6.450000E-01 7.641030E-03
-6.350000E-01 7.729759E-03
-6.250000E-01 7.823092E-03
-6.150000E-01 7.921028E-03
-6.050000E-01 8.023569E-03
-5.950000E-01 8.130712E-03
-5.850000E-01 8.242460E-03
-5.750000E-01 8.358811E-03
-5.650000E-01 8.479766E-03
-5.550000E-01 8.605324E-03
-5.450000E-01 8.735486E-03
-5.350000E-01 8.870252E-03
-5.250000E-01 9.009621E-03
-5.150000E-01 9.153594E-03
-5.050000E-01 9.302171E-03
-4.950000E-01 9.455351E-03
-4.850000E-01 9.613135E-03
-4.750000E-01 9.775523E-03
-4.650000E-01 9.942515E-03
-4.550000E-01 1.011411E-02
-4.450000E-01 1.029031E-02
-4.350000E-01 1.047111E-02
-4.250000E-01 1.065652E-02
-4.150000E-01 1.084653E-02
-4.050000E-01 1.104114E-02
-3.950000E-01 1.124036E-02
-3.850000E-01 1.144418E-02
-3.750000E-01 1.165260E-02
-3.650000E-01 1.186563E-02
-3.550000E-01 1.208326E-02
-3.450000E-01 1.230550E-02
-3.350000E-01 1.253233E-02
-3.250000E-01 1.276378E-02
-3.150000E-01 1.299982E-02
-3.050000E-01 1.324047E-02
-2.950000E-01 1.348573E-02
-2.850000E-01 1.373558E-02
-2.750000E-01 1.399004E-02
-2.650000E-01 1.424911E-02
-2.550000E-01 1.451278E-02
-2.450000E-01 1.478105E-02
-2.350000E-01 1.505392E-02
-2.250000E-01 1.533140E-02
-2.150000E-01 1.561349E-02
-2.050000E-01 1.590017E-02
-1.950000E-01 1.619146E-02
-1.850000E-01 1.648736E-02
-1.750000E-01 1.678785E-02
-1.650000E-01 1.709296E-02
-1.550000E-01 1.740266E-02
-1.450000E-01 1.771697E-02
-1.350000E-01 1.803588E-02
-1.250000E-01 1.835940E-02
-1.150000E-01 1.868752E-02
-1.050000E-01 1.902024E-02
-9.500000E-02 1.935757E-02
-8.500000E-02 1.969950E-02
-7.500000E-02 2.004603E-02
-6.500000E-02 2.039717E-02
-5.500000E-02 2.075291E-02
-4.500000E-02 2.111325E-02
-3.500000E-02 2.147820E-02
-2.500000E-02 2.184775E-02
-1.500000E-02 2.222191E-02
-5.000000E-03 2.260067E-02
5.000000E-03 2.298403E-02
1.500000E-02 2.337200E-02
2.500000E-02 2.376457E-02
3.500000E-02 2.416175E-02
4.500000E-02 2.456352E-02
5.500000E-02 2.496990E-02
6.500000E-02 2.538089E-02
7.500000E-02 2.579648E-02
8.500000E-02 2.621667E-02
9.500000E-02 2.664147E-02
1.050000E-01 2.707087E-02
1.150000E-01 2.750487E-02
1.250000E-01 2.794348E-02
1.350000E-01 2.838669E-02
1.450000E-01 2.883450E-02
1.550000E-01 2.928692E-02
1.650000E-01 2.974394E-02
1.750000E-01 3.020557E-02
1.850000E-01 3.067180E-02
1.950000E-01 3.114263E-02
2.050000E-01 3.161807E-02
2.150000E-01 3.209811E-02
2.250000E-01 3.258275E-02
2.350000E-01 3.307200E-02
2.450000E-01 3.356585E-02
2.550000E-01 3.406430E-02
2.650000E-01 3.456736E-02
2.750000E-01 3.507502E-02
2.850000E-01 3.558729E-02
2.950000E-01 3.610416E-02
3.050000E-01 3.662563E-02
3.150000E-01 3.715171E-02
3.250000E-01 3.768239E-02
3.350000E-01 3.821767E-02
3.450000E-01 3.875756E-02
3.550000E-01 3.930205E-02
3.650000E-01 3.985115E-02
3.750000E-01 4.040485E-02
3.850000E-01 4.096315E-02
3.950000E-01 4.152605E-02
4.050000E-01 4.209356E-02
4.150000E-01 4.266568E-02
4.250000E-01 4.324239E-02
4.350000E-01 4.382371E-02
4.450000E-01 4.440964E-02
4.550000E-01 4.500017E-02
4.650000E-01 4.559530E-02
4.750000E-01 4.619503E-02
4.850000E-01 4.679937E-02
4.950000E-01 4.740831E-02
5.050000E-01 4.802186E-02
5.150000E-01 4.864001E-02
5.250000E-01 4.926276E-02
5.350000E-01 4.989012E-02
5.450000E-01 5.052208E-02
5.550000E-01 5.115865E-02
5.650000E-01 5.179981E-02
5.750000E-01 5.244558E-02
5.850000E-01 5.309596E-02
5.950000E-01 5.375094E-02
6.050000E-01 5.441052E-02
6.150000E-01 5.507471E-02
6.250000E-01 5.574350E-02
6.350000E-01 5.641689E-02
6.450000E-01 5.709489E-02
6.550000E-01 5.777749E-02
6.650000E-01 5.846470E-02
6.750000E-01 5.915650E-02
6.850000E-01 5.985292E-02
6.950000E-01 6.055393E-02
7.050000E-01 6.125955E-02
7.150000E-01 6.196977E-02
7.250000E-01 6.268460E-02
7.350000E-01 6.340403E-02
7.450000E-01 6.412806E-02
7.550000E-01 6.485670E-02
7.650000E-01 6.558994E-02
7.750000E-01 6.632779E-02
7.850000E-01 6.707024E-02
7.950000E-01 6.781729E-02
8.050000E-01 6.856894E-02
8.150000E-01 6.932520E-02
8.250000E-01 7.008607E-02
8.350000E-01 7.085153E-02
8.450000E-01 7.162160E-02
8.550000E-01 7.239628E-02
8.650000E-01 7.317556E-02
8.750000E-01 7.395944E-02
8.850000E-01 7.474792E-02
8.950000E-01 7.554101E-02
9.050000E-01 7.633870E-02
9.150000E-01 7.714100E-02
9.250000E-01 7.794790E-02
9.350000E-01 7.875940E-02
9.450000E-01 7.957551E-02
9.550000E-01 8.039622E-02
9.650000E-01 8.122154E-02
9.750000E-01 8.205145E-02
9.850000E-01 8.288598E-02
9.950000E-01 8.372510E-02
