 m,M ->b,B
x-axis: "cos(p1,p3)"  from -1.000000 to 1.000000 N_points= 200
Diff. cross section [pb]
-9.950000E-01 5.488859E-02
-9.850000E-01 5.434200E-02
-9.750000E-01 5.380550E-02
-9.650000E-01 5.327910E-02
-9.550000E-01 5.276279E-02
-9.450000E-01 5.225658E-02
-9.350000E-01 5.176046E-02
-9.250000E-01 5.127443E-02
-9.150000E-01 5.079850E-02
-9.050000E-01 5.033266E-02
-8.950000E-01 4.987692E-02
-8.850000E-01 4.943127E-02
-8.750000E-01 4.899572E-02
-8.650000E-01 4.857025E-02
-8.550000E-01 4.815489E-02
-8.450000E-01 4.774962E-02
-8.350000E-01 4.735444E-02
-8.250000E-01 4.696936E-02
-8.150000E-01 4.659437E-02
-8.050000E-01 4.622947E-02
-7.950000E-01 4.587467E-02
-7.850000E-01 4.552996E-02
-7.750000E-01 4.519535E-02
-7.650000E-01 4.487083E-02
-7.550000E-01 4.455641E-02
-7.450000E-01 4.425208E-02
-7.350000E-01 4.395785E-02
-7.250000E-01 4.367371E-02
-7.150000E-01 4.339966E-02
-7.050000E-01 4.313571E-02
-6.950000E-01 4.288185E-02
-6.850000E-01 4.263808E-02
-6.750000E-01 4.240441E-02
-6.650000E-01 4.218084E-02
-6.550000E-01 4.196736E-02
-6.450000E-01 4.176397E-02
-6.350000E-01 4.157068E-02
-6.250000E-01 4.138748E-02
-6.150000E-01 4.121438E-02
-6.050000E-01 4.105137E-02
-5.950000E-01 4.089845E-02
-5.850000E-01 4.075563E-02
-5.750000E-01 4.062290E-02
-5.650000E-01 4.050027E-02
-5.550000E-01 4.038773E-02
-5.450000E-01 4.028529E-02
-5.350000E-01 4.019294E-02
-5.250000E-01 4.011068E-02
-5.150000E-01 4.003852E-02
-5.050000E-01 3.997645E-02
-4.950000E-01 3.992448E-02
-4.850000E-01 3.988260E-02
-4.750000E-01 3.985082E-02
-4.650000E-01 3.982913E-02
-4.550000E-01 3.981753E-02
-4.450000E-01 3.981603E-02
-4.350000E-01 3.982462E-02
-4.250000E-01 3.984331E-02
-4.150000E-01 3.987209E-02
-4.050000E-01 3.991096E-02
-3.950000E-01 3.995993E-02
-3.850000E-01 4.001900E-02
-3.750000E-01 4.008816E-02
-3.650000E-01 4.016741E-02
-3.550000E-01 4.025676E-02
-3.450000E-01 4.035620E-02
-3.350000E-01 4.046573E-02
-3.250000E-01 4.058536E-02
-3.150000E-01 4.071508E-02
-3.050000E-01 4.085490E-02
-2.950000E-01 4.100481E-02
-2.850000E-01 4.116482E-02
-2.750000E-01 4.133492E-02
-2.650000E-01 4.151512E-02
-2.550000E-01 4.170541E-02
-2.450000E-01 4.190579E-02
-2.350000E-01 4.211627E-02
-2.250000E-01 4.233684E-02
-2.150000E-01 4.256750E-02
-2.050000E-01 4.280827E-02
-1.950000E-01 4.305912E-02
-1.850000E-01 4.332007E-02
-1.750000E-01 4.359111E-02
-1.650000E-01 4.387225E-02
-1.550000E-01 4.416348E-02
-1.450000E-01 4.446481E-02
-1.350000E-01 4.477623E-02
-1.250000E-01 4.509774E-02
-1.150000E-01 4.542935E-02
-1.050000E-01 4.577105E-02
-9.500000E-02 4.612285E-02
-8.500000E-02 4.648474E-02
-7.500000E-02 4.685673E-02
-6.500000E-02 4.723881E-02
-5.500000E-02 4.763098E-02
-4.500000E-02 4.803325E-02
-3.500000E-02 4.844561E-02
-2.500000E-02 4.886807E-02
-1.500000E-02 4.930062E-02
-5.000000E-03 4.974327E-02
5.000000E-03 5.019601E-02
1.500000E-02 5.065884E-02
2.500000E-02 5.113177E-02
3.500000E-02 5.161479E-02
4.500000E-02 5.210791E-02
5.500000E-02 5.261112E-02
6.500000E-02 5.312443E-02
7.500000E-02 5.364783E-02
8.500000E-02 5.418132E-02
9.500000E-02 5.472491E-02
1.050000E-01 5.527859E-02
1.150000E-01 5.584237E-02
1.250000E-01 5.641624E-02
1.350000E-01 5.700020E-02
1.450000E-01 5.759426E-02
1.550000E-01 5.819842E-02
1.650000E-01 5.881266E-02
1.750000E-01 5.943701E-02
1.850000E-01 6.007144E-02
1.950000E-01 6.071597E-02
2.050000E-01 6.137060E-02
2.150000E-01 6.203532E-02
2.250000E-01 6.271013E-02
2.350000E-01 6.339504E-02
2.450000E-01 6.409004E-02
2.550000E-01 6.479514E-02
2.650000E-01 6.551033E-02
2.750000E-01 6.623561E-02
2.850000E-01 6.697099E-02
2.950000E-01 6.771647E-02
3.050000E-01 6.847203E-02
3.150000E-01 6.923770E-02
3.250000E-01 7.001345E-02
3.350000E-01 7.079930E-02
3.450000E-01 7.159525E-02
3.550000E-01 7.240128E-02
3.650000E-01 7.321742E-02
3.750000E-01 7.404365E-02
3.850000E-01 7.487997E-02
3.950000E-01 7.572638E-02
4.050000E-01 7.658289E-02
4.150000E-01 7.744950E-02
4.250000E-01 7.832620E-02
4.350000E-01 7.921299E-02
4.450000E-01 8.010988E-02
4.550000E-01 8.101686E-02
4.650000E-01 8.193393E-02
4.750000E-01 8.286110E-02
4.850000E-01 8.379837E-02
4.950000E-01 8.474573E-02
5.050000E-01 8.570318E-02
5.150000E-01 8.667073E-02
5.250000E-01 8.764837E-02
5.350000E-01 8.863610E-02
5.450000E-01 8.963393E-02
5.550000E-01 9.064186E-02
5.650000E-01 9.165987E-02
5.750000E-01 9.268799E-02
5.850000E-01 9.372619E-02
5.950000E-01 9.477449E-02
6.050000E-01 9.583289E-02
6.150000E-01 9.690138E-02
6.250000E-01 9.797996E-02
6.350000E-01 9.906864E-02
6.450000E-01 1.001674E-01
6.550000E-01 1.012763E-01
6.650000E-01 1.023952E-01
6.750000E-01 1.035243E-01
6.850000E-01 1.046634E-01
6.950000E-01 1.058127E-01
7.050000E-01 1.069720E-01
7.150000E-01 1.081415E-01
7.250000E-01 1.093210E-01
7.350000E-01 1.105106E-01
7.450000E-01 1.117103E-01
7.550000E-01 1.129201E-01
7.650000E-01 1.141400E-01
7.750000E-01 1.153700E-01
7.850000E-01 1.166101E-01
7.950000E-01 1.178603E-01
8.050000E-01 1.191206E-01
8.150000E-01 1.203910E-01
8.250000E-01 1.216714E-01
8.350000E-01 1.229620E-01
8.450000E-01 1.242627E-01
8.550000E-01 1.255734E-01
8.650000E-01 1.268942E-01
8.750000E-01 1.282252E-01
8.850000E-01 1.295662E-01
8.950000E-01 1.309174E-01
9.050000E-01 1.322786E-01
9.150000E-01 1.336499E-01
9.250000E-01 1.350313E-01
9.350000E-01 1.364228E-01
9.450000E-01 1.378244E-01
9.550000E-01 1.392361E-01
9.650000E-01 1.406579E-01
9.750000E-01 1.420898E-01
9.850000E-01 1.435318E-01
9.950000E-01 1.449838E-01
